139435138088960
139435135991808
8843689984
10238296064
9917431808
10850664448
14355005440
9258926080
9244246016
13690208256
10632560640
12119441408
10433331200
8696889344
13916700672
10477371392
9284091904
10471079936
11293163520
12947816448
13992198144
9353297920
0
12777947136
12350128128
13574864896
14392754176
14111735808
10076815360
8352956416
8216641536
12840861696
8000634880
12876513280
10374610944
7436500992
9747562496
9162457088
8132755456
14600372224
12314476544
7879000064
14958985216
8185184256
7604273152
11106516992
11312037888
10101981184
8099201024
10871635968
12746489856
12903776256
12163481600
8189378560
8998879232
15902703616
9231663104
7648313344
10294919168
9053405184
11700011008
11702108160
15615393792
12748587008
9766436864
9229565952
8197767168
11200888832
7889485824
15705571328
15053357056
13207863296
11681136640
10911481856
12870221824
10852761600
12226396160
11748245504
8371830784
10385096704
12941524992
9787408384
13434355712
9097445376
8478785536
15174991872
9818865664
11479810048
9453961216
13967032320
10689183744
12996050944
11855200256
9751756800
11634999296
10156507136
14602469376
13119782912
8854175744
11903434752
14986248192
10204741632
8065646592
9370075136
12071206912
12882804736
11859394560
8401190912
11096031232
10540285952
10802429952
13629390848
9590276096
12958302208
11853103104
8568963072
12178161664
11584667648
9678356480
13635682304
7834959872
10970202112
10131341312
9957277696
11760828416
12205424640
8784969728
11345592320
10097786880
12123635712
10271850496
9049210880
15873343488
10624172032
15921577984
13845397504
9537847296
7348420608
13568573440
10292822016
14476640256
10840178688
8084520960
13006536704
12004098048
14193524736
11662262272
13193183232
13151240192
9814671360
13960740864
11637096448
14071889920
9313452032
11727273984
14388559872
7763656704
8489271296
7948206080
15281946624
11941183488
13451132928
9158262784
14747172864
14455668736
13564379136
10953424896
15244197888
10093592576
8808038400
8004829184
13904117760
9384755200
8023703552
12694061056
9745465344
8673820672
7551844352
10877927424
11773411328
7381975040
8891924480
8747220992
12262047744
14688452608
15357444096
10227810304
9296674816
9021947904
8753512448
10221518848
13033799680
9854517248
8894021632
9089056768
11540627456
14782824448
7962886144
11324620800
10508828672
11012145152
7765753856
10391388160
11882463232
12507414528
9445572608
12308185088
10240393216
11611930624
12440305664
10737418240
7719616512
10722738176
15539896320
13891534848
14784921600
10630463488
14323548160
12140412928
12404654080
14841544704
12782141440
15044968448
15518924800
8269070336
8210350080
15619588096
12886999040
11643387904
11226054656
11068768256
14522777600
9810477056
14537457664
7677673472
13516144640
10181672960
9567207424
13855883264
7669284864
8577351680
11645485056
14619246592
9789505536
12511608832
12385779712
7849639936
7566524416
8527020032
10468982784
13295943680
10777264128
14063501312
12406751232
9393143808
14663286784
10527703040
8443133952
11140071424
10353639424
14780727296
10414456832
8799649792
11439964160
15015608320
12331253760
15567159296
14564720640
15594422272
15623782400
10343153664
15340666880
11081351168
12442402816
9210691584
15122563072
7396655104
14623440896
13025411072
15825108992
12241076224
10573840384
8864661504
11196694528
8730443776
13826523136
8877244416
14029946880
9852420096
8151629824
14252244992
11314135040
12327059456
15109980160
9500098560
9508487168
13073645568
11169431552
11496587264
10575937536
10913579008
13289652224
9198108672
15476981760
15896412160
10561257472
8346664960
14011072512
8564768768
7929331712
14482931712
9976152064
10538188800
10060038144
10766778368
11811160064
11513364480
9625927680
15095300096
13113491456
13847494656
14866710528
7503609856
8558477312
9504292864
14260633600
13455327232
12788432896
11020533760
12467568640
11924406272
15764291584
8101298176
9586081792
11450449920
7392460800
15070134272
14753464320
13537116160
11563696128
8761901056
13222543360
7864320000
15279849472
10301210624
13098811392
10255073280
14560526336
13585350656
9779019776
11066671104
7482638336
7581204480
11398021120
10779361280
12035555328
13490978816
12186550272
13251903488
15697182720
10898898944
8015314944
14415822848
11333009408
8174698496
10259267584
12150898688
11460935680
15080620032
12641632256
14621343744
11628707840
12815695872
13170114560
8763998208
9581887488
12956205056
10594811904
9256828928
14751367168
9940500480
14742978560
12626952192
15275655168
15852371968
13037993984
11739856896
15185477632
11158945792
12180258816
7858028544
8826912768
10234101760
11075059712
8317304832
7841251328
14979956736
15904800768
10166992896
7453278208
8071938048
7681867776
15416164352
14025752576
8797552640
11121197056
14675869696
10708058112
10657726464
10399776768
13373538304
8164212736
12832473088
14277410816
13551796224
8759803904
11851005952
8508145664
7683964928
9409921024
14757658624
8682209280
12085886976
15145631744
10611589120
9263120384
10645143552
13587447808
8833204224
10389291008
8726249472
12605980672
9892265984
8977907712
15669919744
7876902912
12043943936
9867100160
14222884864
9252634624
7969177600
15470690304
11578376192
9737076736
9078571008
7673479168
14287896576
15342764032
9615441920
12513705984
13281263616
9644802048
11827937280
14715715584
12874416128
9921626112
14571012096
14325645312
15502147584
8086618112
7411335168
7797211136
13658750976
15252586496
9959374848
15298723840
8147435520
15869149184
8837398528
13994295296
8631877632
